1 1 1 1 1 1 1 1 1 1 1 1 1 1 1 1 1 1 1 1 1 1 1 1 1 1 
1 1 0 0 0 0 0 0 0 0 0 0 0 0 1 1 1 -1 1 1 1 -1 1 1 1 -1 
0 0 0 0 0 0 1 1 0 0 0 0 1 0 0 0 0 0 0 0 0 0 0 1 0 -1 
0 0 0 0 0 0 1 0 0 0 0 0 1 0 0 0 0 1 0 0 1 0 0 -1 0 0 
0 0 0 0 0 0 1 0 0 1 1 0 0 0 1 0 0 0 0 0 0 1 0 -1 0 0 
0 0 0 0 0 0 1 1 0 0 0 0 0 0 0 0 0 0 0 0 0 0 1 1 1 -1 
0 0 0 0 0 0 1 0 0 1 0 0 0 0 0 0 0 0 0 0 1 1 1 -1 0 0 
0 0 0 0 0 0 1 1 0 0 1 0 0 0 1 0 1 0 0 0 0 0 0 1 0 -1 
0.5 0 0.5 0 0 0 1 0 0 0 0 0 0.5 0.5 0 0 0.5 -0.5 0 0 1 -1 1 1 0 0 
0.5 0 0 0 0 0 0 0 1 0 0 0 0.5 0.5 0.5 0.5 0.5 -0.5 1 1 1 -1 0 0 0 0 
0.5 0 0 0 0 0 0.5 0.5 0 0 0.5 0.5 0 0 1 0 0 1 0.5 -0.5 -0.5 0.5 0 1 -1 0 
0.5 0 0 0 0 0 0.5 0.5 0 0 0.5 0.5 0 0 1 1 0 0 0.5 0.5 -0.5 -0.5 0 0 1 -1 
0.333333333 0 0.333333333 0 0.333333333 0 1 0 0 0.333333333 0.333333333 0 0 0.333333333 0.333333333 0 0 -0.333333333 0.333333333 0 0.66666666 -1 0.66666666 1 1 0 
0.333333333 0 0.333333333 0 0 0 0.333333333 0 0 0.333333333 0 0 1 0.333333333 0 0 0.333333333 -0.333333333 0.66666666 0.66666666 1 -1 0.333333333 1 0 0 
0.5 0.25 0 0 0 0 0 0 0.75 0.25 0 0 0.75 0.25 0.5 0.5 0.5 -0.5 1 1 1 -1 -0.25 0.25 0.25 -0.25 
0.333333333 0 0.333333333 0 0 0 1 0 0 0.333333333 0 0 0.333333333 0.333333333 0 0 0.333333333 -0.333333333 0 0 1 -1 1 1 0.66666666 0 
0.333333333 0 0 0 0 0 0 0 1 0.333333333 0 0 0.333333333 0.333333333 0.333333333 0.333333333 0.333333333 -0.333333333 1 1 1 -1 0 0 0.66666666 0 
0.5 0 0 0 0 0 0 0 0.5 0.5 0 0 0.5 0 0.5 0.5 0.5 -0.5 1 1 1 -1 0.5 0 -0.5 0 
0.5 0 0.5 0 0 0 0 0.5 0.5 0 0.5 0.5 0 0 0.5 0.5 0 0 1 1 -0.5 -0.5 -0.5 -0.5 1 -1 
0.4 0.2 0.4 0.2 0 0 0.6 0 0 0.2 0.2 0.2 0.4 -0.4 0.2 -0.2 0.4 0.4 -0.4 0 1 1 1 -1 0.8 0 
0.5 0 0.5 0 0.5 0 0 0.5 0.5 0 0 0.5 0.5 0 0 0.5 0.5 0 -0.5 1 1 -0.5 1 -0.5 -0.5 -1 
0.333333333 0.333333333 0.333333333 0.333333333 0.333333333 0.333333333 0.333333333 0.333333333 0.333333333 -0.333333333 0.333333333 0.333333333 0.333333333 -0.333333333 0.333333333 0.333333333 0.333333333 -0.333333333 -0.333333333 1 1 0.333333333 1 0.333333333 0.333333333 -1 
0.66666666 0 0.333333333 0.333333333 0 0 0.66666666 0 0 0 0.333333333 0.333333333 0.333333333 -0.333333333 0 0 0.66666666 0.66666666 -0.333333333 -0.333333333 1 1 1 -1 0.333333333 -0.333333333 
0.333333333 0.333333333 0 0 0 0 0.66666666 0.66666666 0 0 0.66666666 0 0 0 0.333333333 0.333333333 0.333333333 -0.333333333 -0.333333333 0.333333333 -0.333333333 -0.333333333 1 1 1 -1 
0.333333333 0.333333333 0.333333333 0.333333333 0.333333333 0.333333333 1 -0.333333333 -0.333333333 -0.333333333 -0.333333333 -0.333333333 1 -0.333333333 -0.333333333 -0.333333333 -0.333333333 -0.333333333 0.333333333 0.333333333 -1 -1 0.333333333 -1 0.333333333 -1 
0.333333333 0.333333333 0 0 0 0 0.66666666 0 0 0 0.66666666 0 0 0 0.333333333 0.333333333 0.333333333 -0.333333333 -0.333333333 0.333333333 0.333333333 0.333333333 1 1 1 -1 
0.5 0 0 0 0 0 0.5 0.5 0 0 0.5 0.5 0 0 0 0 0 0 -0.5 -0.5 -0.5 -0.5 1 1 1 -1 
0.333333333 0.333333333 0 0 0 0 0.66666666 0 0 0 0.66666666 0 0 0 0.333333333 0.333333333 0.333333333 -0.333333333 -0.333333333 0.333333333 0.333333333 -1 1 1 1 -1 
0.333333333 0.333333333 0.333333333 0.333333333 0.333333333 0.333333333 1 -0.333333333 -0.333333333 -0.333333333 1 -0.333333333 -0.333333333 -0.333333333 1 -0.333333333 -0.333333333 -0.333333333 0.333333333 0.333333333 0.333333333 -1 0.333333333 -1 -1 -1 
0.2 0.2 0.2 0.2 0.2 0.2 0.2 0.2 0.2 0.2 0.2 0.2 0.2 -0.6 0.2 0.2 0.2 -0.6 -0.6 1 1 0.2 1 0.2 1 -0.6 
0.2 0.2 0.2 0.2 0.2 0.2 0.2 -0.6 -0.6 0.2 0.2 -0.6 -0.6 0.2 0.2 -0.6 -0.6 0.2 1 -0.6 -0.6 -0.6 -0.6 -0.6 -0.6 1 
0.2 0.2 0.2 0.2 0.2 0.2 0.2 0.2 0.2 0.2 0.2 0.2 0.2 -0.6 0.2 0.2 0.2 -0.6 1 1 1 0.2 -0.6 0.2 1 -0.6 
0.6 0.2 0.2 0.2 0.2 0.2 0.6 -0.2 0.2 0.2 0.6 -0.2 0.2 0.2 0.2 0.2 0.2 -0.6 -0.2 0.6 0.6 -1 1 1 1 0.2 
0.333333333 0 0.333333333 0 0.333333333 0 0.333333333 0 0 0.333333333 0.333333333 0 0 0.333333333 0.333333333 0 0 -0.333333333 1 0.66666666 0.66666666 -1 -0.66666666 1 1 0 
0.333333333 0 0.333333333 0 0 0 0.333333333 0 0 0.333333333 0 0 0.333333333 0.333333333 0 0 0.333333333 -0.333333333 0.66666666 0.66666666 1 -1 1 1 -0.66666666 0 
0.25 0 0.25 0 0 0 0 0.25 0.25 0 0.25 0.25 0.5 0 0.25 0.25 0.5 0 1 1 0.75 -0.75 0.75 -0.75 0 -1 
0.25 0.25 0.25 0.25 0 0 0.5 0 0 0 0.25 0.25 0.25 -0.25 0.25 -0.25 0.25 0.25 -0.5 0 1 1 1 -1 1 0.5 
0.333333333 0 0 0 0 0 0 0 0.333333333 0.333333333 0 0 0.333333333 0.333333333 0.333333333 0.333333333 0.333333333 -0.333333333 1 1 1 -1 0.66666666 0.66666666 -0.66666666 0 
0.333333333 0 0 0 0 0 0 0 0.333333333 0.333333333 0 0 0.333333333 0.333333333 0.333333333 0.333333333 0.333333333 -0.333333333 1 1 1 -1 0.66666666 -0.66666666 -0.66666666 0 
0.5 0 0 0 0 0 0.5 0.5 0 0 0.5 0.5 0 0 0 0 0 0 -0.5 -0.5 -0.5 -0.5 1 -1 -1 1 
0 0 0 0 0 0 1 0 0 0 0 0 0 0 0 0 0 0 0 0 1 1 1 1 1 -1 
0 0 0 0 0 0 1 0 0 0 0 0 0 0 0 0 0 0 0 0 1 1 1 -1 1 1 
0.142857142857 0.142857142857 0.142857142857 0.142857142857 0.142857142857 0.142857142857 0.428571428571 -0.142857142857 -0.142857142857 -0.142857142857 0.428571428571 -0.142857142857 -0.142857142857 -0.142857142857 -0.142857142857 -0.142857142857 -0.142857142857 -0.142857142857 0.142857142857 0.71428571428 0.71428571428 -1 -1 -1 -1 -1 
0 0 0 0 0 0 0 0 0 0 0 0 0 0 0 0 0 0 1 1 1 1 1 1 1 -1 
0 0 0 0 0 0 0 0 0 0 0 0 0 0 0 0 0 0 1 1 1 1 1 -1 -1 1 
0 0 0 0 0 0 0 0 0 0 0 0 0 0 0 0 0 0 1 1 1 -1 1 -1 -1 -1